1,-78.4935943,-0.215144579,27.472
2,-78.75913855,-0.026736035,25.3788
3,-78.40069017,-0.607965196,29.1244
4,-78.35555945,-0.420149013,28.3727
5,-78.57637479,-0.367886625,27.675
6,-78.32853405,-0.203396206,27.524
7,-78.64924726,-0.21899168,27.465
8,-78.42842613,0.000206522,26.8567
9,-78.59367593,-0.041357788,27.2387
10,-78.42003475,0.160998863,27.4389
11,-78.48016251,-0.036569951,26.56
12,-78.60343324,-0.043272656,26.524
13,-78.52408194,-0.327843206,27.853
14,-78.53086916,-0.108200337,27.7
15,-78.54161053,-0.083505058,27.702
16,-78.49336682,-0.194657747,27.541
17,-78.49815456,-0.184206235,27.598
18,-78.51875179,-0.129676751,27.72
19,-78.52720877,-0.107540708,27.798
20,-78.5376424,-0.086422611,27.786
21,-78.48194863,0.009263036,27.282
22,-78.50021705,0.008795145,27.3
23,-78.41575593,0.004825777,27.037
24,-78.419077,-0.006933044,27.044
25,-78.45564741,-0.007781925,27.153
26,-78.46315108,0.006771921,27.19
27,-78.46643197,-0.005250105,27.217
28,-78.49831186,0.002787334,27.322
29,-78.49710143,-0.004920745,27.364
30,-78.49643879,0.022271611,27.236
31,-78.49799138,0.016637498,27.264
32,-78.46402986,0.022056301,27.219
33,-78.40833035,0.030750792,27.025
34,-78.48723118,-0.191629508,27.492
35,-78.47759303,-0.192340467,27.59
36,-78.49125523,-0.178977396,27.572
37,-78.48390247,-0.176432288,27.512
38,-78.50199676,-0.151845961,27.673
39,-78.49352896,-0.148701168,27.598
40,-78.51279189,-0.125649795,27.683
41,-78.50564344,-0.123484163,27.665
42,-78.52237799,-0.102142885,27.746
43,-78.51451825,-0.099414597,28.686
44,-78.53120833,-0.081900574,27.739
45,-78.52448671,-0.078146816,27.694
46,-78.46993345,-0.188182468,27.407
47,-78.46423624,-0.183510846,27.474
48,-78.48192584,-0.160886074,27.465
49,-78.49282771,-0.132053958,27.58
50,-78.48696772,-0.124738181,27.544
51,-78.49044795,-0.11837814,27.603
52,-78.50490763,-0.103189332,27.699
53,-78.49848764,-0.100262566,27.637
54,-78.51629061,-0.076928754,27.691
55,-78.51057545,-0.073490714,27.58
56,-78.45554086,-0.18017358,27.338
57,-78.50442947,-0.069091724,27.507
58,-78.49831918,-0.063828918,28.404
59,-78.49125921,-0.076299838,27.51
60,-78.49415773,-0.095306041,27.544
61,-78.48752089,-0.090711318,27.454
62,-78.48626646,-0.113628471,27.564
63,-78.48207103,-0.121194239,27.552
64,-78.47564437,-0.118779143,27.476
65,-78.47159579,-0.146959823,27.406
66,-78.46556819,-0.143283198,27.379
67,-78.46493844,-0.165666127,27.385
68,-78.45647839,-0.163953815,28.695
69,-78.49092128,-0.062815819,28.43
70,-78.48472138,-0.059942004,27.336
71,-78.48595556,-0.075452407,27.518
72,-78.47944563,-0.089072127,27.473
73,-78.47373847,-0.087411458,27.404
74,-78.46987525,-0.113602518,27.422
75,-78.46416486,-0.111345488,27.392
76,-78.45993739,-0.139825224,27.366
77,-78.45461388,-0.136180064,27.349
78,-78.4503209,-0.165328655,27.266
79,-78.44209191,-0.164391462,27.27
80,-78.47522091,-0.065911791,27.319
81,-78.4686352,-0.062981233,27.34
82,-78.47137397,-0.076079962,27.29
83,-78.46409768,-0.073293908,27.265
84,-78.46365189,-0.094220179,27.388
85,-78.45837057,-0.093256348,27.383
86,-78.45575556,-0.114806278,27.358
87,-78.44930893,-0.113185604,27.279
88,-78.44485961,-0.138116059,27.249
89,-78.43983889,-0.13650155,27.227
90,-78.43337478,-0.166243975,27.223
91,-78.42831214,-0.163140392,27.176
92,-78.41567518,-0.156544247,27.091
93,-78.43376718,-0.136564518,27.203
94,-78.42529577,-0.133809438,27.114
95,-78.44161,-0.114056523,27.219
96,-78.43341297,-0.11168117,27.204
97,-78.44818433,-0.093621945,27.29
98,-78.44093138,-0.091476072,27.233
99,-78.45712842,-0.069381814,27.226
100,-78.44862893,-0.06677445,27.204
101,-78.30885095,-0.233015827,28.093
102,-78.30290454,-0.236028216,28.181
103,-78.31259892,-0.261369805,27.976
104,-78.33300005,-0.261397684,27.653
105,-78.32474806,-0.264043309,27.779
106,-78.31730666,-0.237399292,27.987
107,-78.3120187,-0.240063436,28.079
108,-78.31160109,-0.228408668,28.099
109,-78.34460226,-0.257845555,27.603
110,-78.33629476,-0.259556443,27.675
111,-78.33138679,-0.23544911,27.632
112,-78.32515334,-0.237416268,27.686
113,-78.31624111,-0.221359147,27.752
114,-78.31179243,-0.213402294,27.725
115,-78.313919,-0.202201109,27.676
116,-78.35742791,-0.252228629,27.495
117,-78.35179971,-0.255454491,27.53
118,-78.35151147,-0.240184241,27.491
119,-78.34604468,-0.244096032,27.54
120,-78.33622371,-0.212384682,27.501
121,-78.33026737,-0.214814606,27.555
122,-78.32079182,-0.201784917,27.594
123,-78.32025188,-0.185764385,27.528
124,-78.3155202,-0.189302801,27.599
125,-78.36949571,-0.247285239,27.432
126,-78.3639787,-0.248654076,27.463
127,-78.35368557,-0.216443444,27.365
128,-78.34743769,-0.219482803,27.429
129,-78.3400797,-0.191388375,27.38
130,-78.33306974,-0.193712568,27.463
131,-78.32656771,-0.179512381,27.461
132,-78.32583332,-0.16569332,27.427
133,-78.32093049,-0.168484328,27.482
134,-78.37445839,-0.245477928,27.371
135,-78.33558968,-0.138243755,27.304
136,-78.328927,-0.14161168,27.315
137,-78.35030063,-0.16533183,27.23
138,-78.34454086,-0.168147873,27.298
139,-78.36319018,-0.189629742,27.218
140,-78.35919144,-0.191660301,27.244
141,-78.37622742,-0.209578418,27.263
142,-78.37058174,-0.211936789,27.254
143,-78.38765504,-0.227321626,27.249
144,-78.38148219,-0.230295835,27.281
145,-78.42414578,-0.227083334,27.358
146,-78.41793683,-0.228378963,27.214
147,-78.41936079,-0.216625095,27.152
148,-78.41381734,-0.219879644,27.205
149,-78.40090495,-0.199111509,27.158
150,-78.40493027,-0.192083669,27.136
151,-78.38712718,-0.174962339,27.151
152,-78.38946253,-0.167394941,27.126
153,-78.37757472,-0.144294165,27.067
154,-78.372451,-0.147780275,27.101
155,-78.36687066,-0.123210197,26.977
156,-78.36104585,-0.127431123,26.951
157,-78.35662636,-0.105504718,26.945
158,-78.35219629,-0.11105951,27.009
159,-78.3407741,-0.135359027,27.285
160,-78.35036672,-0.15264574,27.226
161,-78.36105654,-0.17230022,27.185
162,-78.3738832,-0.195403563,27.208
163,-78.38628822,-0.214884618,27.2
164,-78.39235123,-0.22531365,27.239
165,-78.34669007,-0.122076354,27.155
166,-78.34177354,-0.124061162,27.253
167,-78.34553916,-0.13090701,27.147
168,-78.35633753,-0.139187874,27.038
169,-78.35087378,-0.142472724,27.052
170,-78.37167349,-0.162334418,27.171
171,-78.36532491,-0.165630714,27.146
172,-78.38438632,-0.185318532,27.149
173,-78.37939879,-0.192642284,27.176
174,-78.39982775,-0.212152039,27.161
175,-78.39369523,-0.215821323,27.17
176,-78.39634257,-0.219563628,27.201
177,-78.39702567,-0.224772416,27.241
178,-78.4044145,-0.222027554,27.206
179,-78.43363306,-0.23028049,27.232
180,-78.42359391,-0.206012861,27.162
181,-78.4184068,-0.208968232,27.167
182,-78.41089548,-0.182021899,27.14
183,-78.404783,-0.183818151,27.131
184,-78.39170159,-0.151665901,27.131
185,-78.38950463,-0.155097274,27.157
186,-78.38386329,-0.13294708,27.059
187,-78.36712411,-0.114925852,26.96
188,-78.37068345,-0.110460227,26.933
189,-78.35929571,-0.089690873,26.669
190,-78.35373743,-0.092200093,27.199
191,-78.41686619,-0.165316716,27.14
192,-78.43834448,-0.186678638,27.175
193,-78.43508353,-0.187912441,27.183
194,-78.45131152,-0.209167625,27.179
195,-78.44638251,-0.210802347,27.151
196,-78.46281188,-0.23320919,27.337
197,-78.34580745,-0.113886527,27.179
198,-78.35605948,-0.133254042,27.016
199,-78.41130908,-0.23058302,27.257
200,-78.44803973,-0.224758953,27.216
201,-78.44368989,-0.227397708,27.241
202,-78.44042063,-0.211941217,27.227
203,-78.4352145,-0.215789307,27.204
204,-78.42659293,-0.18428289,27.179
205,-78.42148443,-0.18686121,27.179
206,-78.40703624,-0.159077958,27.151
207,-78.4104281,-0.153738784,27.124
208,-78.39965289,-0.135385207,27.21
209,-78.39254849,-0.137915723,27.203
210,-78.38675914,-0.111089786,27.015
211,-78.38216131,-0.114435769,27.042
212,-78.37307318,-0.085984283,26.907
213,-78.36873168,-0.088780511,26.892
214,-78.43350752,-0.155037042,27.231
215,-78.42761955,-0.158366549,27.21
216,-78.44707955,-0.178257214,27.282
217,-78.44157966,-0.181224447,27.209
218,-78.4597813,-0.199052225,27.316
219,-78.45099926,-0.203045535,27.262
220,-78.46916119,-0.219130486,27.312
221,-78.46399831,-0.222513336,27.366
222,-78.46614871,-0.230479636,27.342
223,-78.47720567,-0.235569367,27.367
224,-78.47300097,-0.237771687,27.339
225,-78.39125592,-0.10524852,27.08
226,-78.40432396,-0.07082528,27.068
227,-78.41212544,-0.046538225,27.108
228,-78.42454157,-0.050997049,27.164
229,-78.4192883,-0.048218885,27.121
230,-78.41757619,-0.071470612,27.131
231,-78.41071502,-0.069041627,27.108
232,-78.40830004,-0.095864181,27.14
233,-78.40300164,-0.092591403,27.082
234,-78.39003185,-0.140177749,27.08
235,-78.38557215,-0.137054551,27.084
236,-78.40258586,-0.135948471,27.198
237,-78.41655495,-0.094048685,27.114
238,-78.42449987,-0.073226124,27.183
239,-78.42996437,-0.05322256,27.177
240,-78.4416394,-0.04491908,27.1
241,-78.43350702,-0.045059589,27.172
242,-78.45523868,-0.066105832,27.154
243,-78.45817975,-0.052418547,27.18
244,-78.40735877,-0.146133274,26.973
245,-78.40550832,-0.139801107,27.031
246,-78.41653271,-0.134570102,27.149
247,-78.40904263,-0.130461258,27.164
248,-78.42628776,-0.111113734,27.206
249,-78.41933412,-0.107381428,27.208
250,-78.43689288,-0.088580366,27.239
251,-78.43070235,-0.086431944,27.219
252,-78.44540746,-0.066116766,27.207
253,-78.43922541,-0.064511456,27.331
254,-78.45566417,-0.04692104,27.162
255,-78.44636641,-0.049607161,27.101
256,-78.46525659,0.013868976,27.327
257,-78.46560727,-0.007661413,27.211
258,-78.46451278,-0.021749392,27.225
259,-78.46362212,-0.068590393,27.239
260,-78.45646662,0.010926178,27.165
261,-78.4503129,0.010641329,27.135
262,-78.45596683,-0.012123943,27.161
263,-78.44764164,-0.017368569,27.125
264,-78.45505138,-0.024836102,27.184
265,-78.44819043,-0.036215274,27.094
266,-78.44134602,-0.023583471,27.042
267,-78.43615065,-0.018601051,27.137
268,-78.44190827,0.001767337,27.103
269,-78.4337256,0.004357216,27.138
270,-78.44296185,0.011777737,27.095
271,-78.4430116,0.020083794,27.112
272,-78.43401453,0.018961561,27.072
273,-78.41369836,0.018052844,27.014
274,-78.4160791,0.000815865,27.022
275,-78.41795715,-0.010560872,27.027
276,-78.4123468,-0.037388416,27.109
277,-78.50341597,-0.194685433,27.666
278,-78.51072278,-0.166677216,27.752
279,-78.51906467,-0.144166129,27.942
280,-78.52589726,-0.126440662,27.851
281,-78.53274242,-0.107569803,27.716
282,-78.53419866,-0.084468208,27.687
283,-78.53897953,-0.071785301,27.73
284,-78.52903553,-0.081122429,27.761
285,-78.53347548,-0.069121119,27.747
286,-78.52827957,-0.065188057,27.777
287,-78.52330448,-0.061899077,27.564
288,-78.51808021,-0.060790615,27.735
289,-78.42091644,-0.16814323,27.119
290,-78.46160825,-0.239907718,27.364
291,-78.45786886,-0.24345363,27.422
292,-78.37147631,-0.228577137,27.323
293,-78.36800939,-0.231758031,27.372
294,-78.3688654,-0.222818748,27.304
295,-78.36274358,-0.225198437,27.385
296,-78.35789387,-0.204143055,27.285
297,-78.35477698,-0.206926177,27.313
298,-78.34663913,-0.1811086,27.315
299,-78.34142316,-0.182829783,27.35
300,-78.33442401,-0.169864179,27.389
301,-78.33330899,-0.156301759,27.353
302,-78.32897141,-0.158057291,27.381
303,-78.41742407,-0.105493151,27.216
304,-78.4246173,-0.086163946,27.207
305,-78.43191883,-0.068959237,27.273
306,-78.43603443,-0.058169229,27.251
307,-78.44397122,-0.03608325,27.083
308,-78.42174948,0.016778046,27.074
309,-78.43373398,-0.017636172,27.064
310,-78.42026743,-0.018633635,27.003
311,-78.43033441,-0.044091436,27.155
312,-78.42178227,-0.048934083,27.13
313,-78.54095559,-0.080146758,27.737
314,-78.53695798,-0.076823762,27.719
315,-78.5285564,-0.095979182,27.756
316,-78.51385918,-0.126876527,27.682
317,-78.51204723,-0.168647474,27.781
318,-78.50290475,-0.167129372,27.705
319,-78.5170378,-0.157630589,27.85
320,-78.52812372,-0.129349429,27.842
321,-78.52260087,-0.126370267,27.769
322,-78.53566863,-0.111715945,27.835
323,-78.53169289,-0.105912089,27.753
324,-78.53776665,-0.108329561,27.849
325,-78.54356685,-0.091142303,27.822
326,-78.53781373,-0.089289221,27.802
327,-78.45367795,-0.235212634,27.336
328,-78.45651795,-0.220795333,27.286
329,-78.45238025,-0.222483165,27.27
330,-78.44488996,-0.198344706,27.133
331,-78.44053333,-0.201557597,27.139
332,-78.42988752,-0.170957158,27.167
333,-78.42500226,-0.173235839,27.139
334,-78.4740957,-0.227451175,27.374
335,-78.46377517,-0.21011616,27.313
336,-78.45732713,-0.21411656,27.288
337,-78.45265113,-0.184997951,27.29
338,-78.44324039,-0.189999465,27.233
339,-78.43980876,-0.165610143,27.245
340,-78.43416926,-0.168959754,27.214
341,-78.46550147,0.003247679,27.406
342,-78.46358064,-0.031201933,27.271
343,-78.45621546,-0.001733047,27.168
344,-78.44775119,-0.001392772,27.135
345,-78.45450337,-0.036737804,27.183
346,-78.45101447,-0.05654103,27.145
347,-78.4436952,-0.056555709,27.096
348,-78.44114985,-0.011003044,27.269
349,-78.43255773,-0.010103102,27.114
350,-78.44205854,-0.035551006,27.057
351,-78.43453437,-0.034976184,27.159
352,-78.4240102,-0.003551697,27.048
353,-78.43074069,-0.034374138,27.152
354,-78.42325585,-0.035893665,27.105
355,-78.43761654,0.026168952,27.113
356,-78.48225563,0.024146861,27.242
357,-78.48109264,0.014792521,27.268
358,-78.43932905,0.003588082,27.084
359,-78.43742139,-0.00651397,27.071
360,-78.4847173,0.00299736,27.3
361,-78.48341023,-0.004837647,27.303
362,-78.52594627,-0.118020054,27.831
363,-78.52154849,-0.147134452,27.864
364,-78.52831035,-0.117249189,27.413
365,-78.52343054,-0.134774755,27.867
366,-78.51528389,-0.154416696,27.883
367,-78.44134838,-0.079383841,27.281
368,-78.43042318,-0.099465659,27.204
369,-78.42602548,-0.097447643,27.224
370,-78.42268422,-0.122116464,27.256
371,-78.41568394,-0.118684617,27.117
372,-78.42126385,-0.095885747,27.171
373,-78.42871102,-0.07769074,27.263
374,-78.50771614,-0.177827666,27.773
375,-78.50235317,-0.169973723,27.682
376,-78.49546392,-0.304203603,27.383
377,-78.45302824,-0.325804983,27.236
378,-78.46571978,-0.357590403,27.328
379,-78.55346026,-0.330554183,27.703
380,-78.47227101,-0.313396893,27.217
381,-78.52188313,-0.249033397,27.543
382,-78.52073439,-0.285263671,27.514
383,-78.47435988,-0.199518642,27.39
384,-78.53205186,-0.221799097,27.729
385,-78.45100097,-0.20498285,27.236
386,-78.54895275,-0.251945693,27.613
387,-78.57694653,-0.328080965,27.796
388,-78.46061587,-0.294224046,27.19
389,-78.43211577,-0.313359641,27.275
390,-78.44355107,-0.313323657,27.303
391,-78.44055497,-0.306735482,27.267
392,-78.46515256,-0.300010221,27.266
393,-78.42766536,-0.305569459,27.271
394,-78.42184832,-0.301366417,27.28
395,-78.43158074,-0.296201399,27.265
396,-78.4483134,-0.27564146,27.261
397,-78.48748376,-0.30166698,27.321
398,-78.48023004,-0.302349306,27.282
399,-78.48858383,-0.317018901,27.319
400,-78.48025963,-0.324622413,27.297
401,-78.48650333,-0.357109822,27.343
402,-78.48070519,-0.358771498,27.334
403,-78.48846596,-0.395970183,27.566
404,-78.48148496,-0.3895533,27.556
405,-78.45864543,-0.326315813,27.249
406,-78.4596722,-0.312340971,27.266
407,-78.45278512,-0.301765831,27.279
408,-78.47532517,-0.396656512,27.56
409,-78.46179644,-0.386098414,27.534
410,-78.45948722,-0.356565146,27.308
411,-78.47315206,-0.323763302,27.303
412,-78.46663207,-0.32317714,27.253
413,-78.47352778,-0.358244189,27.35
414,-78.47120341,-0.388540577,27.529
415,-78.46672919,-0.388688939,27.551
416,-78.43956278,-0.171661986,27.217
417,-78.45172801,-0.192161552,27.256
418,-78.44583205,-0.196214516,27.182
419,-78.49921625,-0.224258164,27.469
420,-78.49248741,-0.225839797,27.466
421,-78.49028139,-0.193091749,27.507
422,-78.48409547,-0.195414427,27.465
423,-78.49988949,-0.157821804,27.604
424,-78.51742227,-0.186366485,27.716
425,-78.51072093,-0.188546719,27.734
426,-78.52626023,-0.218069183,27.662
427,-78.51943429,-0.217149621,27.681
428,-78.47546728,-0.193044229,27.391
429,-78.46784595,-0.19837693,27.343
430,-78.46585367,-0.163102646,27.299
431,-78.45823558,-0.163934915,27.267
432,-78.51223521,-0.219692244,27.581
433,-78.50627279,-0.221115224,27.559
434,-78.49691588,-0.192701859,27.589
435,-78.49424871,-0.158654326,27.613
436,-78.48732082,-0.1584224,27.49
437,-78.48454093,-0.249162112,27.403
438,-78.47925026,-0.251824359,27.377
439,-78.47677193,-0.230376843,27.379
440,-78.47280557,-0.236096898,27.364
441,-78.46319398,-0.202419725,27.327
442,-78.4503209,-0.165328655,27.266
443,-78.46805788,-0.240406369,27.317
444,-78.45707461,-0.207829708,27.303
445,-78.44448169,-0.168003656,27.258
446,-78.56027916,-0.365348216,27.641
447,-78.5526635,-0.360032227,27.617
448,-78.55655827,-0.34985337,27.633
449,-78.57126195,-0.323380467,27.758
450,-78.56427428,-0.320323418,27.673
451,-78.57883308,-0.297637212,27.697
452,-78.57228466,-0.296067201,27.652
453,-78.57350346,-0.283089842,27.655
454,-78.58015699,-0.271225426,27.905
455,-78.53151379,-0.337257914,27.537
456,-78.53710601,-0.368964448,27.552
457,-78.52938248,-0.368883735,27.508
458,-78.5464823,-0.330306463,27.668
459,-78.54547057,-0.342773786,27.57
460,-78.5498208,-0.372039657,27.579
461,-78.55961878,-0.290715541,27.613
462,-78.55137749,-0.348556261,27.596
463,-78.56570326,-0.293362146,27.631
464,-78.56902226,-0.282086595,27.635
465,-78.56949415,-0.273550124,27.858
466,-78.46648685,-0.316579463,27.217
467,-78.45466912,-0.285811787,27.25
468,-78.44258475,-0.256478574,27.285
469,-78.44498057,-0.22642177,27.237
470,-78.45407641,-0.24761954,27.352
471,-78.44620051,-0.250682628,27.293
472,-78.46628269,-0.281008562,27.27
473,-78.46044338,-0.280216437,27.268
474,-78.4993357,-0.30745783,27.368
475,-78.4882303,-0.276086336,27.316
476,-78.47780898,-0.247793699,27.357
477,-78.50700755,-0.215387548,27.605
478,-78.4937591,-0.308933004,27.33
479,-78.4815268,-0.276262894,27.289
480,-78.47373135,-0.27858685,27.25
481,-78.46971144,-0.246959234,27.362
482,-78.46408143,-0.249853882,27.32
483,-78.45841038,-0.22422312,27.32
484,-78.45191671,-0.228945049,27.248
485,-78.49702697,-0.219702403,27.477
486,-78.48756632,-0.221896151,27.445
487,-78.49615445,-0.240989779,27.392
488,-78.50871668,-0.25225991,27.48
489,-78.52755991,-0.305063864,27.484
490,-78.52110077,-0.303457503,27.509
491,-78.51129839,-0.303977629,27.442
492,-78.50746406,-0.305854319,27.463
493,-78.50335184,-0.272467416,27.431
494,-78.49535522,-0.274081622,27.386
495,-78.48754035,-0.239997393,27.413
496,-78.48268412,-0.242958824,27.379
497,-78.48593048,-0.227507109,27.416
498,-78.47902612,-0.239009209,27.354
499,-78.57266378,-0.264880247,27.856
500,-78.56755548,-0.26771899,27.841
501,-78.55416283,-0.240225572,27.841
502,-78.55066954,-0.244153585,27.674
503,-78.53596025,-0.21925347,27.777
504,-78.52736307,-0.206273526,27.806
505,-78.52258864,-0.207677833,27.757
506,-78.52834413,-0.226365808,27.726
507,-78.48200426,-0.207148883,27.399
508,-78.4762808,-0.21062674,27.364
509,-78.48786527,-0.225971029,27.447
510,-78.48287111,-0.227284079,27.404
511,-78.49020609,-0.236731878,27.398
512,-78.48448213,-0.236778575,27.414
513,-78.54020462,-0.23810531,27.668
514,-78.5583655,-0.282000375,27.616
515,-78.56659851,-0.302170229,27.647
516,-78.47530211,-0.187853727,27.384
517,-78.54390549,-0.255892278,27.626
518,-78.54335574,-0.28856807,27.533
519,-78.5397244,-0.255828099,27.604
520,-78.53375901,-0.258268752,27.582
521,-78.52039679,-0.226479713,27.672
522,-78.52231544,-0.213167566,27.726
523,-78.51637009,-0.215673772,27.684
524,-78.52377035,-0.192033985,28
525,-78.52893561,-0.204699911,27.722
526,-78.53296348,-0.21378818,27.463
527,-78.57623771,-0.356619959,27.715
528,-78.58410698,-0.33105361,27.924
529,-78.58109916,-0.314253644,27.717
530,-78.5147978,-0.393272754,27.527
531,-78.5054042,-0.394673855,27.538
532,-78.50917924,-0.352869638,27.424
533,-78.5122752,-0.319384004,27.485
534,-78.50406879,-0.319313361,27.367
535,-78.49604218,-0.318276491,27.341
536,-78.50213302,-0.392685311,27.503
537,-78.4946297,-0.391348373,27.528
538,-78.5601019,-0.359825162,27.641
539,-78.52167349,-0.370682093,27.477
540,-78.51504941,-0.372173858,27.457
541,-78.52404803,-0.337536858,27.498
542,-78.51788345,-0.338829916,27.471
543,-78.52549547,-0.308657518,27.507
544,-78.51801515,-0.307290032,27.501
545,-78.43498404,-0.318187119,27.295
546,-78.43537401,-0.303276429,27.245
547,-78.45745304,-0.287856014,27.167
548,-78.45527732,-0.280388563,27.255
549,-78.4184067,-0.296200919,27.31
550,-78.4277002,-0.290091166,27.275
551,-78.50445624,-0.190883262,27.622
552,-78.47981502,-0.158692492,27.421
553,-78.4715226,-0.256233875,27.305
554,-78.58232454,-0.286196457,27.894
555,-78.58642809,-0.276053972,27.903
556,-78.53894832,-0.338493459,27.568
557,-78.50010776,-0.220130974,27.496
558,-78.51402373,-0.251699609,27.525
559,-78.5344848,-0.281800056,27.52
560,-78.52671923,-0.281093911,27.511
561,-78.54761671,-0.313856047,27.541
562,-78.53958897,-0.314619825,27.557
563,-78.48039863,-0.232921947,27.391
564,-78.56695479,-0.279296178,27.807
565,-78.56310373,-0.280849381,27.802
566,-78.56065355,-0.130430923,27.641
567,-78.55562312,-0.313920159,27.671
568,-78.55022378,-0.283164383,27.562
569,-78.53880135,-0.274698381,27.552
570,-78.52606981,-0.225380565,27.714
571,-78.57052073,-0.358187262,27.691
572,-78.58814232,-0.317199863,27.745
573,-78.50178524,-0.358017486,27.404
574,-78.49522621,-0.358771167,27.347
575,-78.37117198,-0.222588312,27.263
576,-78.54392655,-0.368780046,27.561
577,-78.43110577,-0.228523565,27.275
578,-78.47912459,-0.311089582,27.31
579,-78.48558086,-0.309373521,27.336
580,-78.45768238,-0.216337386,27.282
581,-78.45595622,-0.222564083,27.279
582,-78.42686386,-0.21450675,27.158
583,-78.4275235,-0.223454189,27.215
584,-78.40061781,-0.214785006,27.196
585,-78.37395432,-0.216051429,27.235
586,-78.35480079,-0.22309522,27.384
587,-78.35604115,-0.217636624,27.364
588,-78.35571462,-0.230476142,27.423
589,-78.36292861,-0.228203586,27.381
590,-78.36071534,-0.235146117,27.419
591,-78.37147631,-0.228577137,27.323
592,-78.37026137,-0.236549854,27.319
593,-78.40052422,-0.230602831,27.202
594,-78.40068817,-0.236424669,27.045
595,-78.43110577,-0.228523565,27.274
596,-78.4327277,-0.236160072,27.235
597,-78.45907017,-0.234919643,27.342
598,-78.48613169,-0.291403044,27.225
599,-78.47510829,-0.261282111,27.2868
600,-78.46850271,-0.263124475,27.0969
601,-78.45581325,-0.232709101,27.3055
602,-78.47266733,-0.296096434,27.2819
603,-78.46692104,-0.299244502,27.2522
604,-78.46042986,-0.265971969,27.2883
605,-78.45387042,-0.267172107,27.2777
606,-78.44865401,-0.234235566,27.3035
607,-78.44371774,-0.23487211,27.2617
608,-78.45964193,-0.300893075,27.2475
609,-78.44671944,-0.272191814,27.2949
610,-78.43436012,-0.236146483,27.3585
611,-78.56751164,-0.2580079,27.845
612,-78.56404737,-0.263654291,27.845
613,-78.54815979,-0.229668684,27.846
614,-78.54209783,-0.234037851,27.7
615,-78.55890221,-0.266670437,27.809
616,-78.55264393,-0.269236886,27.793
617,-78.55837512,-0.302151314,27.623
618,-78.55090577,-0.304951355,27.561
619,-78.54529473,-0.270251105,27.591
620,-78.53357599,-0.23918533,27.811
621,-78.5272841,-0.242311652,27.768
622,-78.54215334,-0.299938749,27.56
623,-78.53381713,-0.30206077,27.525
624,-78.52797121,-0.263503826,27.536
625,-78.520077,-0.267346702,27.485
626,-78.51469071,-0.231557942,27.583
627,-78.50758691,-0.236746271,28.514
628,-78.5140492,-0.284969255,27.496
629,-78.51501365,-0.271132309,27.501
630,-78.50220767,-0.257317916,27.433
631,-78.50509032,-0.238985685,27.504
632,-78.50812374,-0.290801487,27.483
633,-78.50075075,-0.288056173,27.386
634,-78.49540333,-0.25707694,28.527
635,-78.48887283,-0.256527405,27.395
636,-78.49106479,-0.288107456,27.336
637,-78.48203679,-0.260372719,27.395
638,-78.57932457,-0.343569941,27.872
639,-78.5743836,-0.342136706,27.745
640,-78.58425975,-0.301757265,27.727
641,-78.56750231,-0.338405715,27.774
642,-78.56023419,-0.335795693,27.741
643,-78.57378018,-0.310919345,27.691
644,-78.56935933,-0.309513959,27.668
645,-78.55696753,-0.317792933,27.631
646,-78.54410726,-0.357515618,27.561
647,-78.53700767,-0.352624862,27.537
648,-78.5294408,-0.353476525,27.504
649,-78.53961842,-0.32363455,27.562
650,-78.52297903,-0.35393163,27.488
651,-78.5150062,-0.352833724,27.45
652,-78.52658549,-0.32118771,27.524
653,-78.51837077,-0.321023196,27.469
654,-78.45145739,-0.307714068,27.282
655,-78.4512261,-0.300436246,27.239
656,-78.44625303,-0.295100456,27.247
657,-78.44262784,-0.288425067,27.246
658,-78.43926251,-0.281767992,27.267
659,-78.35542808,-0.120175626,26.994
660,-78.35877553,-0.104456021,26.969
661,-78.35357022,-0.103208879,26.976
662,-78.34189928,-0.033959307,27.117
663,-78.33637935,-0.038935982,27.114
664,-78.3530132,-0.044390102,27.059
665,-78.35056114,-0.052275978,27.038
666,-78.35167478,-0.096467296,27.076
667,-78.34399144,-0.087567005,27.139
668,-78.30792809,-0.062947735,27.322
669,-78.34822503,-0.058253375,27.085
670,-78.34308105,-0.063164012,27.112
671,-78.30160972,-0.036070496,27.277
672,-78.36465456,-0.087225259,26.885
673,-78.35750794,-0.091047662,27.116
674,-78.34798147,-0.084579942,27.088
675,-78.34182229,-0.071175684,27.057
676,-78.33660885,-0.076158319,27.132
677,-78.32001795,-0.064466475,27.217
678,-78.31404393,-0.051231058,27.269
679,-78.30956006,-0.056760351,27.313
680,-78.30163979,-0.041388816,27.366
681,-78.29635589,-0.046124756,27.433
682,-78.33010781,-0.078419422,27.188
683,-78.34952027,-0.118726001,27.121
684,-78.29923734,-0.098465498,27.518
685,-78.29131906,-0.101591203,27.567
686,-78.29499489,-0.08508722,27.652
687,-78.2881371,-0.088347199,27.715
688,-78.28250517,-0.041424767,27.531
689,-78.43651208,-0.287900026,27.325
690,-78.43634753,-0.295592587,27.371
691,-78.4203965,-0.291081457,27.478
692,-78.40018049,-0.288815741,27.419
693,-78.39918247,-0.29572415,27.369
694,-78.39083716,-0.288889557,27.427
695,-78.39301121,-0.298318535,27.405
696,-78.36670125,-0.360149748,27.947
697,-78.3614943,-0.365362985,28.03
698,-78.36750413,-0.347906873,27.767
699,-78.36233391,-0.351546033,27.839
700,-78.38808118,-0.374623986,27.828
701,-78.38128714,-0.377424583,27.912
702,-78.42048334,-0.345519409,27.511
703,-78.41536222,-0.351858124,27.551
704,-78.40433637,-0.32639734,27.503
705,-78.40078932,-0.331928188,27.561
706,-78.35930009,-0.339188204,27.828
707,-78.36992245,-0.327468693,27.661
708,-78.36815901,-0.334958947,27.692
709,-78.3919093,-0.354599334,27.741
710,-78.38505768,-0.358045761,27.818
711,-78.42462439,-0.327931282,27.392
712,-78.42069189,-0.334146801,27.422
713,-78.4037829,-0.302376588,27.462
714,-78.39886286,-0.307261178,27.524
715,-78.37469125,-0.32519731,27.652
716,-78.39632974,-0.350488204,27.703
717,-78.39187104,-0.301146034,27.514
718,-78.38453791,-0.303047792,27.566
719,-78.3811989,-0.271464389,27.494
720,-78.37472233,-0.274075707,27.532
721,-78.36930618,-0.23767747,27.493
722,-78.36377787,-0.243141706,27.556
723,-78.36659296,-0.301328962,27.662
724,-78.36328658,-0.306903973,27.609
725,-78.38390155,-0.323610808,27.628
726,-78.37763368,-0.32856344,27.757
727,-78.40445522,-0.350856496,27.541
728,-78.37867181,-0.305222236,27.607
729,-78.37212935,-0.308915416,27.514
730,-78.3673829,-0.276128642,27.577
731,-78.3622318,-0.277397013,27.617
732,-78.35677668,-0.242830933,27.462
733,-78.35096178,-0.246365775,27.538
734,-78.36708724,-0.372962366,28.024
735,-78.36131637,-0.374490637,28.083
736,-78.37853837,-0.386275557,28.003
737,-78.37253755,-0.390134999,28.068
738,-78.38969352,-0.293014534,27.419
739,-78.35410326,-0.135626472,26.987
740,-78.34665658,-0.137514607,27.183
741,-78.32117338,-0.07726089,27.265
742,-78.31454915,-0.079454944,27.311
743,-78.32628279,-0.090168399,27.247
744,-78.3195344,-0.092373581,27.294
745,-78.33441184,-0.120217047,27.208
746,-78.32793775,-0.1210534,27.244
747,-78.34024328,-0.138691872,27.232
748,-78.34446638,-0.15076558,27.234
749,-78.35037072,-0.090949519,27.201
750,-78.3255193,-0.033829744,27.147
751,-78.36820784,-0.081835159,26.896
752,-78.32283992,-0.039281654,27.168
753,-78.37366182,-0.074958409,26.977
754,-78.31186769,-0.03291366,27.299
755,-78.31739562,-0.044318146,27.215
756,-78.30788869,-0.036530056,27.343
757,-78.3780279,-0.062477844,27
758,-78.37512106,-0.070482747,27.001
759,-78.33488701,-0.062077196,27.133
760,-78.33537019,-0.098650451,27.207
761,-78.34213591,-0.091544617,27.157
762,-78.34149042,-0.120372582,27.183
763,-78.31629941,-0.068516363,27.267
764,-78.33045804,-0.129979286,27.289
765,-78.33100608,-0.138125605,27.218
766,-78.34154359,-0.166580349,27.323
767,-78.28461331,-0.101655224,27.693
768,-78.27634808,-0.100860864,27.761
769,-78.29216069,-0.126778615,27.657
770,-78.28616836,-0.129303553,27.745
771,-78.29444592,-0.135578194,27.584
772,-78.28822133,-0.137209324,27.727
773,-78.29910075,-0.148436531,27.635
774,-78.29131531,-0.149732663,27.745
775,-78.30828085,-0.180531549,27.66
776,-78.30015384,-0.181342337,27.785
777,-78.31697009,-0.212524605,27.669
778,-78.31071595,-0.209129712,27.763
779,-78.33611826,-0.182363399,27.419
780,-78.32897747,-0.182566262,27.458
781,-78.33392026,-0.168585373,27.426
782,-78.32741176,-0.173233876,27.451
783,-78.32562753,-0.141509183,27.325
784,-78.31926104,-0.145495611,27.405
785,-78.32295443,-0.132467803,27.439
786,-78.31673982,-0.133196728,27.463
787,-78.32067587,-0.122092923,27.425
788,-78.31347259,-0.123649543,27.378
789,-78.31248708,-0.095248441,27.366
790,-78.30453737,-0.097137529,27.492
791,-78.30501618,-0.068826209,27.396
792,-78.29612338,-0.067208436,27.495
793,-78.29445726,-0.037431613,27.439
794,-78.2877394,-0.037982423,27.419
795,-78.32853405,-0.203396206,27.524
796,-78.32300141,-0.205433933,27.597
797,-78.32196808,-0.174953436,27.484
798,-78.31584043,-0.177505814,27.595
799,-78.31123217,-0.144509278,27.488
800,-78.30454849,-0.145789969,27.549
801,-78.30802365,-0.132959093,27.484
802,-78.30232303,-0.135483782,27.615
803,-78.30728955,-0.126583427,27.431
804,-78.29933674,-0.126300534,27.583
805,-78.50135392,-0.086958124,27.582
806,-78.47481669,-0.10847646,27.419
807,-78.22768931,-0.034310104,28.028
808,-78.2439745,-0.098331932,28.225
809,-78.20792854,-0.118077419,29.197
810,-78.3735357,0.080460065,27.287
811,-78.3459114,0.031154761,27.587
812,-78.46459539,-0.054217938,27.24
813,-78.4399445,-0.068810135,27.344
814,-78.4847173,0.00299736,27.3
815,-78.45126915,-0.03392219,27.159
816,-78.39901564,0.105317283,27.277
817,-78.71599536,-0.180182873,26.709
818,-78.69879087,-0.226118018,27.041
819,-78.77465354,-0.264689744,26.116
820,-78.72249052,-0.27613625,26.933
821,-78.75461258,-0.127581844,25.925
822,-78.73454579,-0.071885404,25.877
823,-78.73237979,-0.152168529,26.38
824,-78.82517049,-0.222741782,25.055
825,-78.78762194,-0.246924362,25.654
826,-78.57172087,-0.115470119,27.958
827,-78.68807994,-0.28336532,27.324
828,-78.65668659,-0.29044475,27.635
829,-78.64499915,-0.328398134,27.612
830,-78.6162438,-0.231337303,27.785
831,-78.58717624,-0.250100451,27.885
832,-78.5426086,-0.138101812,27.97
833,-78.51170356,-0.158686258,27.846
834,-78.43001843,-0.541702791,28.647
835,-78.39538524,-0.550625391,29.107
836,-78.28477296,-0.241381594,28.276
837,-78.34409329,-0.305909245,27.785
838,-78.30863478,-0.319475519,28.448
839,-78.36689531,-0.409162981,28.166
840,-78.32673762,-0.41675112,29.245
841,-78.38436143,-0.51243873,28.697
842,-78.3570949,-0.517328206,28.808
843,-78.35942276,-0.60262316,29.405
844,-78.20354742,-0.051762691,28.221
845,-78.16935479,-0.061211149,28.447
846,-78.23842077,-0.163379474,28.493
847,-78.21139199,-0.169986005,28.807
848,-78.24714045,-0.240811413,28.701
849,-78.2223728,-0.237643401,28.824
850,-78.27068774,-0.319475602,28.458
851,-78.2235057,-0.321196795,29.106
852,-78.28440892,-0.407869566,30.751
853,-78.26050022,-0.40821152,30.876
854,-78.30254466,-0.509133297,29.222
855,-78.28052905,-0.499080401,29.13
856,-78.32976636,-0.599713443,29.394
857,-78.293365,-0.604807284,29.674
858,-78.33278734,-0.010326783,27.23
859,-78.31186769,-0.03291366,27.298
860,-78.44532008,-0.146026323,27.208
861,-78.41968797,-0.170104935,27.109
862,-78.53090243,-0.248980932,27.609
863,-78.49590885,-0.273524716,27.394
864,-78.60845873,-0.343189831,27.717
865,-78.58053471,-0.373189844,27.715
866,-78.40288694,0.124254479,27.054
867,-78.36169704,0.097242409,27.425
868,-78.57287582,0.038413644,26.731
869,-78.66525465,0.00062311,26.309
870,-78.63604907,-0.045699806,26.881
871,-78.49004717,-0.058819433,27.376
872,-78.43186884,0.017858692,27.022
873,-78.48397132,0.085569419,26.495
874,-78.44824387,0.053399797,27.43
875,-78.54083917,0.003373417,27.383
876,-78.5238078,-0.035392206,27.856
877,-78.61073103,-0.075501234,27.153
878,-78.57712314,-0.109337677,27.885
879,-78.5401885,-0.43333575,27.575
880,-78.51453701,-0.443485315,27.556
881,-78.51973404,-0.384523205,27.434
882,-78.48640026,-0.410086876,27.619
883,-78.48705002,-0.307401587,27.27
884,-78.45062393,-0.327118855,27.262
885,-78.41709673,-0.236709787,27.251
886,-78.43446605,-0.138640764,27.179
887,-78.38556786,-0.154926032,27.097
888,-78.40218722,-0.046861832,27.123
889,-78.35710057,-0.065735304,26.998
890,-78.36726086,0.037484492,27.401
891,-78.3235113,0.012838318,27.233
892,-78.29375564,0.00497152,27.575
893,-78.23729183,-0.010013814,27.832
894,-78.32429197,-0.087058668,27.168
895,-78.28177176,-0.099196413,27.673
896,-78.3428993,-0.156111234,27.258
897,-78.29421796,-0.158954432,27.775
898,-78.37902786,-0.249847452,27.276
899,-78.33062923,-0.240194645,27.652
900,-78.41089908,-0.343639461,27.472
901,-78.37492791,-0.361151371,27.83
902,-78.45150608,-0.436237414,28.658
903,-78.40831902,-0.445300578,28.113
904,-78.66010104,-0.214667452,27.324
905,-78.63018156,-0.236611025,27.548
906,-78.68599034,-0.308701472,27.556
907,-78.50811506,0.166813106,25.939
908,-78.49706667,0.130755629,26.899
909,-78.42791292,0.15127953,27.035
